$ANSIBLE_VAULT;1.1;AES256
31373130313362653732643163316265303062383733396232363533326339383261643963646432
3864313432666132353237663165393930383566643261370a626130656631353663353030616264
62646639653033326164643433336163333638386432373465373463636333313163303663633065
3863366232636138350a333562666231353536643836656330633837393164313832626330323137
65396665313632613564626634373037323937363539303465636535356134656266376266326164
32613537633331663262333533326663333332343732636664363136623539326362353739636636
61626261363436353138396637393931356438313831336339366435366235333033626466323834
39393363383436303837346439666538643335653733323638633565376666626661353735623135
38346631356561373539386139373837336632613565343232636266336363623138623761383038
39353633636230616163316439363134636435666566303838616138376239643137656432326365
62363165626237346435376661643161376366663264383037643364633137636132373538623661
64323565333435366239333564373765623761376237633865656263613330356437666266353634
62383961346432313636623164323833323463333534663433346631636637626237333136343131
61323638636232373131353865623637633239643662353438373330373663313438663939333964
34613964326330653734313632313238306430363265623065326631393237336338343231346137
34636561663438386662613830623163386135323264383635393466313032383034393734316537
35666562303737623965343563646437353131303431316436363265623861366465613930303332
30663239653939356161646362653364343564383538646166336163623435623938316265646130
39623133633736646239353362633062383532373439623963653630373162396639623236653138
39623863616639356333393433373433323130373733376439373062653762313031376532343463
38346238623233616139333933313435633432643064616463663863323662653836373435323138
36306232336334356332653038346539643632383863353137646136343966383265623231666333
61323964303261623261326232323539396662323236626263643965316166303361323563663365
39383130326134316131373462613661663730383133313336306564303638353161343532333838
3166
